Pocz¹tek algorytmu:
a0.x = 0,0001; , a0.y = 24,6454; 
b0.x = 0,01; , b0.y = 21,4515; 
c0.x = 0,00505; , c0.y = 16,7024; 

Iteracja 0:
l = 0.000712803, m = 0.0628262
d0.x = 0,00567282; , d0.y = 17,6525; 
di.x = 0; , di.y = 30; 

Po aktualizacji:
a0.x = 0,0001; , a0.y = 24,6454; 
b0.x = 0,00567282; , b0.y = 17,6525; 
c0.x = 0,00505; , c0.y = 16,7024; 
d0.x = 0,00567282; , d0.y = 17,6525; 

Zakoñczenie algorytmu:
Xopt.x = 0,00567282; , Xopt.y = 17,6525; 

